Execution time:14.808053731918335
Best solution found:
[    1 35472  2142 33149 36150 39362  8942 26973 21923 18141 12205 34779
 30785 13173 28370  1530 26913 22334 31658 36883  4243  5039 30845  6656
 36131 40047 20489 19397]
[    1 36169 10296 38360 25766  6191 24775 14427  2878 17138  8554 36064
  8277 17304 29730 18316 22761 20078  7891 38661 44577 31726  4786 39124
 43170 38126 13889 35352]
[    1 35472  2142 33149 36150 39362  8942 26973 21923 18141 12205 34779
 30785 13173 28370  1530 26913 22334 31658 36883  4243  5039 30845  6656
 36131 40047 20489 19397]
[    1 36169 10296 38360 25766  6191 24775 14427  2878 17138  8554 36064
  8277 17304 29730 18316 22761 20078  7891 38661 44577 31726  4786 39124
 43170 38126 13889 35352]
[    1 36169 10296  5129 25766 39362  7125 14427  2878 26675 35314 20761
  8277 36231 16009  1530 38653  1113 31658 36883 10723  8650  4786  6167
 31497 40047 13889 33776]
[    1 36169 10296 38360 25766 39362 24775 14427  2878 17138  8554 36064
  8277 17304 29730 18316 22761 20078 31658 38661 10723  8650  4786  6167
 31497 40047 13889 35352]
[    1 36169  8199 33149 12862 17074  7125  9407 21923 18141  8554 34779
 30785 17304 29730  1530 22761 22334 31658 38661 44577  5039 30845  6167
 43170 40047 25134 33776]
[    1 36169 10296  5129 25766 39362  7125 14427  2878 26675 35314  9890
  8277 36231 29730  1530 38653 22334 31658 36883 10723  8650  4786  6167
 31497 40047 13889 33776]
[    1 36169 42752 17328 12862 17074  8942 29938  2878 14419 35314  9890
 28560 37318 29730 28929 42736 22334 11455  5455 35286 17570  4786  6167
   113 40047 25134 33776]
[    1 36169 42752 17328 12862 17074  8942 29938  2878 14419 35314 20761
 28560 37318 16009 28929 42736  1113 11455  5455 35286 17570  4786  6167
   113 40047 25134 33776]
Classifiers:
Normalize:False
meka.classifiers.multilabel.RAkELd -P 3 -N 5 -batch-size 6
weka.classifiers.trees.J48 -- -M 47 -B -J -A -U
Normalize:False
meka.classifiers.multilabel.FW
weka.classifiers.trees.RandomForest -- -I 112 -K 7 -depth 18
Normalize:False
meka.classifiers.multilabel.RAkELd -P 3 -N 5 -batch-size 6
weka.classifiers.trees.J48 -- -M 47 -B -J -A -U
Normalize:False
meka.classifiers.multilabel.FW
weka.classifiers.trees.RandomForest -- -I 112 -K 7 -depth 18
Normalize:False
meka.classifiers.multilabel.FW
weka.classifiers.trees.RandomForest -- -I 31 -K 7 -depth 15
Normalize:False
meka.classifiers.multilabel.FW
weka.classifiers.trees.RandomForest -- -I 112 -K 7 -depth 15
Normalize:False
meka.classifiers.multilabel.FW
weka.classifiers.bayes.BayesNet -- -D -Q weka.classifiers.bayes.net.search.local.HillClimber -- -P 1
Normalize:False
meka.classifiers.multilabel.FW
weka.classifiers.trees.RandomForest -- -I 31 -K 7 -depth 15
Normalize:False
meka.classifiers.multilabel.FW
weka.classifiers.bayes.NaiveBayes --
Normalize:False
meka.classifiers.multilabel.FW
weka.classifiers.bayes.NaiveBayes --
Function value:
[[-5.76670000e-01  1.99793121e+04]
 [-7.04090000e-01  1.53029586e+07]
 [-5.76670000e-01  1.99793121e+04]
 [-7.04090000e-01  1.53029586e+07]
 [-6.83400000e-01  4.09855296e+06]
 [-7.03090000e-01  1.52732068e+07]
 [-6.60037556e-01  9.61796592e+05]
 [-6.83400000e-01  4.09855296e+06]
 [-6.28000000e-01  3.54756033e+05]
 [-6.28000000e-01  3.54756033e+05]]
F1 (macro averaged by label)
[0.5766700000000003,0.7040900000000004,0.5766700000000003,0.7040900000000004,0.6834,0.7030900000000001,0.6600375555555565,0.6834,0.6280000000000008,0.6280000000000008]
Model size
[19979.312053892274,15302958.560544418,19979.312053892274,15302958.560544418,4098552.9569366644,15273206.756373791,961796.5923570795,4098552.9569366644,354756.033387941,354756.033387941]
Evaluation:
[10,20,30,40,50,60,70,80,90,100]
Hypervolume:
[613891556.6675074,697220745.6349044,699411187.0523165,699511694.0430654,699511463.2455155,699516351.8628632,699516351.8628632,699516411.1188847,703623682.5767205,703617670.6758112]
History:
-0.6139899999999997, 4940240.77714496, -0.5983399999999994, 50293.000000000364, -0.5513100000000009, 34034.00000000021
-0.6139899999999997, 4940240.77714496, -0.5983399999999994, 50293.000000000364, -0.5513100000000009, 34034.00000000021, -0.5983399999999994, 50293.000000000364, -0.5983399999999994, 50293.000000000364, -0.5655699999999999, 35018.58937015673, -0.7002400000000005, 33867001.10955835, -0.5513100000000009, 34034.00000000021
-0.7002400000000005, 33867001.10955835, -0.5513100000000009, 34034.00000000021, -0.5513100000000009, 34034.00000000021, -0.7002400000000005, 33867001.10955835, -0.6834, 4098552.9569366644, -0.6280000000000008, 354756.033387941, -0.5655699999999999, 35018.58937015673, -0.5983399999999994, 50293.000000000364, -0.5983399999999994, 50293.000000000364, -0.5983399999999994, 50293.000000000364
-0.7002400000000005, 33867001.10955835, -0.5513100000000009, 34034.00000000021, -0.7002400000000005, 33867001.10955835, -0.5513100000000009, 34034.00000000021, -0.6834, 4098552.9569366644, -0.6600375555555565, 961796.5923570795, -0.6280000000000008, 354756.033387941, -0.5696200000000007, 37687.99999999965, -0.6280000000000008, 354756.033387941, -0.5983399999999994, 50293.000000000364
-0.5513100000000009, 34034.00000000021, -0.5513100000000009, 34034.00000000021, -0.7002400000000005, 33867001.10955835, -0.7002400000000005, 33867001.10955835, -0.6834, 4098552.9569366644, -0.5983399999999994, 50293.000000000364, -0.6600375555555565, 961796.5923570795, -0.6280000000000008, 354756.033387941, -0.6280000000000008, 354756.033387941, -0.6834, 4098552.9569366644
-0.5632000000000003, 25697.178555198127, -0.7002400000000005, 33867001.10955835, -0.7002400000000005, 33867001.10955835, -0.6834, 4098552.9569366644, -0.6600375555555565, 961796.5923570795, -0.5983399999999994, 50293.000000000364, -0.6280000000000008, 354756.033387941, -0.6280000000000008, 354756.033387941, -0.6834, 4098552.9569366644, -0.7002400000000005, 33867001.10955835
-0.5632000000000003, 25697.178555198127, -0.7002400000000005, 33867001.10955835, -0.5632000000000003, 25697.178555198127, -0.7002400000000005, 33867001.10955835, -0.6834, 4098552.9569366644, -0.5983399999999994, 50293.000000000364, -0.6600375555555565, 961796.5923570795, -0.6280000000000008, 354756.033387941, -0.6280000000000008, 354756.033387941, -0.6834, 4098552.9569366644
-0.7002400000000005, 33867001.10955835, -0.5632000000000003, 25697.178555198127, -0.7002400000000005, 33867001.10955835, -0.5632000000000003, 25697.178555198127, -0.6834, 4098552.9569366644, -0.6600375555555565, 961796.5923570795, -0.5983399999999994, 50293.000000000364, -0.5656100000000002, 25705.439196139596, -0.6280000000000008, 354756.033387941, -0.6280000000000008, 354756.033387941
-0.7040900000000004, 15302958.560544418, -0.5766700000000003, 19979.312053892274, -0.6834, 4098552.9569366644, -0.6600375555555565, 961796.5923570795, -0.6834, 4098552.9569366644, -0.6280000000000008, 354756.033387941, -0.6280000000000008, 354756.033387941, -0.5983399999999994, 50293.000000000364, -0.6600375555555565, 961796.5923570795, -0.5983399999999994, 50293.000000000364
-0.5766700000000003, 19979.312053892274, -0.7040900000000004, 15302958.560544418, -0.5766700000000003, 19979.312053892274, -0.7040900000000004, 15302958.560544418, -0.6834, 4098552.9569366644, -0.7030900000000001, 15273206.756373791, -0.6600375555555565, 961796.5923570795, -0.6834, 4098552.9569366644, -0.6280000000000008, 354756.033387941, -0.6280000000000008, 354756.033387941
