Number of queries on the classifier and objectives map: 42
Number of classifiers exceeding the time limit: 6
Number exception: 0
Execution time:421.3491961956024
Best solution found:
[    0 31494 17482  6253 41777 25336   128 44263  9918 26144  8750 11726
 18977  5081  3240 20077 24616  5899 28213  1361 28702  8097 30290 24237
  7550 12119 34909 42260]
[    0  7264 22454  6253 41777 34237 36323 43161 11864 28883 37991 31977
 28653 29409 18852  9879 41368 17605 44221  8220 12768  8097 35749  5446
 35679 20742 32871  8476]
[    1 31494 17482  6253 41777 25336   128 44263  9918 26144  8750 11726
 18977  5081 24473 20077 24616  5899 28213  1361 28702 30026  4904 24237
  7550 19296 34909 42260]
[    0  7264 22454  6253 41777 34237 36323 43161 11864 28883 37991 31977
 28653 29409 18852  9879 41368 17605 44221  8220 12768  8097 35749  5446
 35679 20742 32871  8476]
[    1 31494  3194 17180 11460  3111   128   851  5537 28883  8750 11726
 28653 29216 24473  5468 24616 31479 24363 43981  5048 30026  4904  5446
  7550 19296 10758 42260]
[    1 31494 17482 17180 11460 25336   128 44263  5537 26144  8750 11726
 18977  5081 24473 20077 24616  5899 28213  1361  5048 30026  4904 24237
  7550 19296 34909 42260]
[    1  7264 22454 17180 41777  3111   128 43161  5537 28883 37991 31977
 28653 29216 18852  9879 41368 31479 24363  8220  5048 30026  4904  5446
 35679 20742 10758 42260]
[    0  7264 22454  6253 41777 34237 36323 44263  9918 28883 37991 11726
 18977 29409 18852 20077 41368 17605 44221  1361 28702  8097 35749  5446
 35679 20742 34909 42260]
Classifiers:
Normalize:False
meka.classifiers.multilabel.RAkELd -P 3 -N 1 -batch-size 12
weka.classifiers.trees.RandomForest -- -I 130 -K 28 -depth 0
Normalize:False
meka.classifiers.multilabel.PS -P 5 -N 1
weka.classifiers.rules.PART -- -M 62 -B -R -N 2
Normalize:False
meka.classifiers.multilabel.RAkELd -P 3 -N 1 -batch-size 12
weka.classifiers.trees.RandomForest -- -I 130 -K 28 -depth 0
Normalize:False
meka.classifiers.multilabel.PS -P 5 -N 1
weka.classifiers.rules.PART -- -M 62 -B -R -N 2
Normalize:False
meka.classifiers.multilabel.RAkELd -P 5 -N 2 -batch-size 11
weka.classifiers.bayes.BayesNet -- -D -Q weka.classifiers.bayes.net.search.local.K2 -- -P 1
Normalize:False
meka.classifiers.multilabel.RAkELd -P 3 -N 2 -batch-size 11
weka.classifiers.trees.RandomForest -- -I 130 -K 28 -depth 10
Normalize:False
meka.classifiers.multilabel.PS -P 5 -N 2
weka.classifiers.rules.PART -- -M 40 -R -N 3
Normalize:False
meka.classifiers.multilabel.PS -P 5 -N 1
weka.classifiers.rules.PART -- -M 62 -B -R -N 4
Function value:
[[-6.82666667e-01  3.00092300e+06]
 [-5.04000000e-01  1.38080000e+04]
 [-6.82666667e-01  3.00092300e+06]
 [-5.04000000e-01  1.38080000e+04]
 [-6.49666667e-01  1.46946667e+05]
 [-6.81333333e-01  2.98811367e+06]
 [-5.78333333e-01  1.83280000e+04]
 [-5.50666667e-01  1.61646667e+04]]
F1 (macro averaged by label)
[0.6826666666666666,0.504,0.6826666666666666,0.504,0.6496666666666666,0.6813333333333333,0.5783333333333333,0.5506666666666667]
Model size
[3000923.0,13808.0,3000923.0,13808.0,146946.66666666666,2988113.6666666665,18328.0,16164.666666666666]
Evaluation:
[8,16,24,32,40,48,56,64,72,80]
Hypervolume:
[682484078.3013334,682501298.3755556,682533239.7264445,682533239.7264445,682548279.5391111,682548208.7483333,682548208.7483333,682548933.3543334,682549338.9832222,682549338.9832222]
History:
-0.573, 19565.666666666668, -0.6826666666666666, 3000923.0, -0.6316666666666667, 312446.0
-0.573, 19565.666666666668, -0.6826666666666666, 3000923.0, -0.6316666666666667, 312446.0, -0.49666666666666665, 15122.666666666666, -0.6826666666666666, 3000923.0, -0.639, 953643.3333333334
-0.573, 19565.666666666668, -0.6826666666666666, 3000923.0, -0.49666666666666665, 15122.666666666666, -0.6826666666666666, 3000923.0, -0.6826666666666666, 3000923.0, -0.5636666666666666, 17090.0, -0.6446666666666666, 147255.33333333334
-0.6826666666666666, 3000923.0, -0.49666666666666665, 15122.666666666666, -0.6826666666666666, 3000923.0, -0.49666666666666665, 15122.666666666666, -0.6446666666666666, 147255.33333333334, -0.573, 19565.666666666668, -0.5636666666666666, 17090.0, -0.6826666666666666, 3000923.0
-0.6826666666666666, 3000923.0, -0.504, 13808.0, -0.6826666666666666, 3000923.0, -0.6496666666666666, 146946.66666666666, -0.573, 19565.666666666668, -0.5636666666666666, 17090.0, -0.5356666666666667, 16771.0, -0.5313333333333333, 14550.666666666666
-0.6826666666666666, 3000923.0, -0.504, 13808.0, -0.6826666666666666, 3000923.0, -0.504, 13808.0, -0.6496666666666666, 146946.66666666666, -0.573, 19565.666666666668, -0.6496666666666666, 146946.66666666666, -0.5636666666666666, 17090.0
-0.6826666666666666, 3000923.0, -0.6826666666666666, 3000923.0, -0.504, 13808.0, -0.504, 13808.0, -0.6496666666666666, 146946.66666666666, -0.573, 19565.666666666668, -0.5636666666666666, 17090.0, -0.6496666666666666, 146946.66666666666
-0.6826666666666666, 3000923.0, -0.504, 13808.0, -0.6826666666666666, 3000923.0, -0.504, 13808.0, -0.6496666666666666, 146946.66666666666, -0.5783333333333333, 18328.0, -0.5506666666666667, 16164.666666666666, -0.6496666666666666, 146946.66666666666
-0.6826666666666666, 3000923.0, -0.504, 13808.0, -0.6826666666666666, 3000923.0, -0.504, 13808.0, -0.6496666666666666, 146946.66666666666, -0.6813333333333333, 2988113.6666666665, -0.5506666666666667, 16164.666666666666, -0.5783333333333333, 18328.0
-0.6826666666666666, 3000923.0, -0.504, 13808.0, -0.6826666666666666, 3000923.0, -0.504, 13808.0, -0.6496666666666666, 146946.66666666666, -0.6813333333333333, 2988113.6666666665, -0.5783333333333333, 18328.0, -0.5506666666666667, 16164.666666666666
