Number of queries on the classifier and objectives map: 51
Number of classifiers exceeding the time limit: 8
Number exception: 0
Execution time:500.5271670818329
Best solution found:
[    1 18454  8632 14423 15582 19390 38468 31925 22788 40643  9151 14094
  2565 23097 44469  1256 11202 39660 40746    68  9191 23514  2569 28732
  7647 29728  2544 44675]
[    1 18454  8632 14423 15582 19390 38468 31925 22788 40643  9151 14094
  2565 23097 44469  1256 11202 39660 40746    68  9191 23514  2569 28732
  7647 29728  2544 44675]
[    1  1307 33424 27307 15246 19390 14122 19991 13836 28908 44034 39751
   247 25671  2878  1256 41913 39660 27868    68 12986 41331 19800 28732
 16768 29728  1097 26851]
[    1  1307 33424 27307 15246 19390 14122 19991 13836 28908 44034 39751
   247 25671  2878  1256 41913 39660 27868    68 12986 41331 19800 28732
 16768 29728  1097 26851]
[    1 18454  8632 11771 21347 32449 14122  3961 13836 40643 44034 14094
   247 25671  2878  1256 11179 37596 27868 13261  9191 36958 42310 28732
 37027 33497  1097 26851]
[    1 16754 33424 27307 15246 19390 14122 19991 13836 28908 44034 39751
   247 25671  2878  9163 41913 39660 27868 13261 12986 36958 42310 28732
 16768 33497  1097 26851]
[    1 18454  8632 14423 15246 19390 38468 19991 22788 40643 44034 14094
   247 25671 44469  1256 11202 39660 27868    68  9191 41331  2569 28732
  7647 29728  2544 26851]
[    1  1307  5304 17613 15246 35934 39680  3961 22788 40643  9546 23186
 15403 41801 32672  1256 11202 39660 40746    68  6256 20080  2569 36648
 41010  4798 41369 44675]
Classifiers:
Normalize:False
meka.classifiers.multilabel.LC
weka.classifiers.trees.RandomForest -- -I 145 -K 0 -depth 0
Normalize:False
meka.classifiers.multilabel.LC
weka.classifiers.trees.RandomForest -- -I 145 -K 0 -depth 0
Normalize:False
meka.classifiers.multilabel.PSt -P 5 -N 1
weka.classifiers.trees.RandomTree -- -M 63 -K 19 -depth 0 -N 2
Normalize:False
meka.classifiers.multilabel.PSt -P 5 -N 1
weka.classifiers.trees.RandomTree -- -M 63 -K 19 -depth 0 -N 2
Normalize:False
meka.classifiers.multilabel.LC
weka.classifiers.trees.RandomForest -- -I 43 -K 0 -depth 18
Normalize:False
meka.classifiers.multilabel.CT -X H -Iy 8 -Is 0 -P 'Jaccard index' -H 0
weka.classifiers.trees.LMT -- -M 13 -C -P -W 0.17
Normalize:False
meka.classifiers.multilabel.LC
weka.classifiers.trees.RandomForest -- -I 145 -K 27 -depth 0
Normalize:False
meka.classifiers.multilabel.PSt -P 5 -N 3
weka.classifiers.trees.RandomTree -- -M 31 -K 0 -depth 0 -N 2
Function value:
[[-6.97333333e-01  7.35300567e+06]
 [-6.97333333e-01  7.35300567e+06]
 [-3.98333333e-01  1.17076667e+04]
 [-3.98333333e-01  1.17076667e+04]
 [-6.69333333e-01  2.20143167e+06]
 [-6.19333333e-01  2.21890333e+05]
 [-6.86666667e-01  6.33198100e+06]
 [-4.96333333e-01  1.25443333e+04]]
F1 (macro averaged by label)
[0.6973333333333334,0.6973333333333334,0.3983333333333334,0.3983333333333334,0.6693333333333333,0.6193333333333334,0.6866666666666666,0.4963333333333333]
Model size
[7353005.666666667,7353005.666666667,11707.666666666666,11707.666666666666,2201431.6666666665,221890.33333333334,6331981.0,12544.333333333334]
Evaluation:
[8,16,24,32,40,48,56,64,72,80]
Hypervolume:
[649269260.4817778,649273163.6958889,669281013.6536666,697060728.2370001,696969118.2003334,696969185.3885556,696969185.3885556,696986883.1494446,697001889.9426668,697001889.9426668]
History:
-0.6493333333333333, 1634632.3333333333, -0.612, 226128.0, -0.5493333333333333, 13178.666666666666, -0.6253333333333333, 257363.0
-0.6493333333333333, 1634632.3333333333, -0.4963333333333333, 12544.333333333334, -0.6493333333333333, 1634632.3333333333, -0.6253333333333333, 257363.0, -0.5493333333333333, 13178.666666666666, -0.586, 141175.0, -0.612, 226128.0, -0.592, 147223.0
-0.6693333333333333, 2201431.6666666665, -0.4013333333333333, 11881.333333333334, -0.6619999999999999, 1459942.0, -0.6586666666666666, 291323.0, -0.4963333333333333, 12544.333333333334, -0.5493333333333333, 13178.666666666666, -0.586, 141175.0, -0.612, 226128.0
-0.4013333333333333, 11881.333333333334, -0.4013333333333333, 11881.333333333334, -0.6973333333333334, 7353005.666666667, -0.6693333333333333, 2201431.6666666665, -0.4963333333333333, 12544.333333333334, -0.6586666666666666, 291323.0, -0.6619999999999999, 1459942.0, -0.612, 226128.0
-0.4013333333333333, 11881.333333333334, -0.6973333333333334, 7353005.666666667, -0.6973333333333334, 7353005.666666667, -0.4013333333333333, 11881.333333333334, -0.6693333333333333, 2201431.6666666665, -0.612, 226128.0, -0.4963333333333333, 12544.333333333334, -0.4963333333333333, 12544.333333333334
-0.6973333333333334, 7353005.666666667, -0.3983333333333334, 11707.666666666666, -0.6973333333333334, 7353005.666666667, -0.6693333333333333, 2201431.6666666665, -0.612, 226128.0, -0.4963333333333333, 12544.333333333334, -0.6693333333333333, 2201431.6666666665, -0.4963333333333333, 12544.333333333334
-0.6973333333333334, 7353005.666666667, -0.6973333333333334, 7353005.666666667, -0.3983333333333334, 11707.666666666666, -0.3983333333333334, 11707.666666666666, -0.6693333333333333, 2201431.6666666665, -0.612, 226128.0, -0.4963333333333333, 12544.333333333334, -0.6693333333333333, 2201431.6666666665
-0.3983333333333334, 11707.666666666666, -0.6973333333333334, 7353005.666666667, -0.6973333333333334, 7353005.666666667, -0.3983333333333334, 11707.666666666666, -0.612, 226128.0, -0.6866666666666666, 6331981.0, -0.6693333333333333, 2201431.6666666665, -0.4963333333333333, 12544.333333333334
-0.3983333333333334, 11707.666666666666, -0.6973333333333334, 7353005.666666667, -0.6973333333333334, 7353005.666666667, -0.3983333333333334, 11707.666666666666, -0.6193333333333334, 221890.33333333334, -0.6866666666666666, 6331981.0, -0.4963333333333333, 12544.333333333334, -0.6693333333333333, 2201431.6666666665
-0.6973333333333334, 7353005.666666667, -0.6973333333333334, 7353005.666666667, -0.3983333333333334, 11707.666666666666, -0.3983333333333334, 11707.666666666666, -0.6693333333333333, 2201431.6666666665, -0.6193333333333334, 221890.33333333334, -0.6866666666666666, 6331981.0, -0.4963333333333333, 12544.333333333334
